16
protopterus       0.0000000 0.5099908 0.4526179 0.4994349 0.4812739 0.5148610 0.4560288 0.5422060 0.3566350 0.4336496 0.4918534 0.4345549 0.3624159 0.3989913 0.3767468 0.5042884 
Anolis            0.5099908 0.0000000 0.3086186 0.4185825 0.4228644 0.4207762 0.3145403 0.5856744 0.2947564 0.2995347 0.2978887 0.3053183 0.2472536 0.1842488 0.2530989 0.1438259 
Gallus            0.4526179 0.3086186 0.0000000 0.3506289 0.3609781 0.3469749 0.1138115 0.5530632 0.1668491 0.2139601 0.2059735 0.2029411 0.1834074 0.3056906 0.1769871 0.2655089 
Homo              0.4994349 0.4185825 0.3506289 0.0000000 0.2257965 0.2738048 0.3440596 0.5770391 0.2577532 0.3281230 0.3230611 0.3752078 0.2972289 0.3628672 0.2511374 0.4083048 
Monodelphis       0.4812739 0.4228644 0.3609781 0.2257965 0.0000000 0.2858921 0.3641878 0.5898156 0.2680548 0.3261199 0.3462295 0.3597015 0.2951339 0.3847621 0.2453234 0.4051731 
Ornithorhynchus   0.5148610 0.4207762 0.3469749 0.2738048 0.2858921 0.0000000 0.3481857 0.6162642 0.2938442 0.3397223 0.3449590 0.3841505 0.2883923 0.3377904 0.2990086 0.3780310 
Taeniopygia       0.4560288 0.3145403 0.1138115 0.3440596 0.3641878 0.3481857 0.0000000 0.5594911 0.1961447 0.2409675 0.2331391 0.2130643 0.1931541 0.3059013 0.2010620 0.2727629 
Xenopus           0.5422060 0.5856744 0.5530632 0.5770391 0.5898156 0.6162642 0.5594911 0.0000000 0.5052938 0.5860663 0.5823888 0.5741191 0.4830578 0.5655184 0.4742133 0.4938600 
alligator         0.3566350 0.2947564 0.1668491 0.2577532 0.2680548 0.2938442 0.1961447 0.5052938 0.0000000 0.1284147 0.1356544 0.0128418 0.1202565 0.2605863 0.1239736 0.2018111 
emys_orbicularis  0.4336496 0.2995347 0.2139601 0.3281230 0.3261199 0.3397223 0.2409675 0.5860663 0.1284147 0.0000000 0.0516869 0.1569251 0.0203924 0.2110889 0.0188749 0.1898986 
phrynops          0.4918534 0.2978887 0.2059735 0.3230611 0.3462295 0.3449590 0.2331391 0.5823888 0.1356544 0.0516869 0.0000000 0.1481244 0.0462332 0.2385262 0.0502796 0.2031384 
caiman            0.4345549 0.3053183 0.2029411 0.3752078 0.3597015 0.3841505 0.2130643 0.5741191 0.0128418 0.1569251 0.1481244 0.0000000 0.1439803 0.2779891 0.1327028 0.2574556 
caretta           0.3624159 0.2472536 0.1834074 0.2972289 0.2951339 0.2883923 0.1931541 0.4830578 0.1202565 0.0203924 0.0462332 0.1439803 0.0000000 0.2305817 0.0235935 0.1959031 
python            0.3989913 0.1842488 0.3056906 0.3628672 0.3847621 0.3377904 0.3059013 0.5655184 0.2605863 0.2110889 0.2385262 0.2779891 0.2305817 0.0000000 0.2313041 0.1477587 
chelonoidis_nigra 0.3767468 0.2530989 0.1769871 0.2511374 0.2453234 0.2990086 0.2010620 0.4742133 0.1239736 0.0188749 0.0502796 0.1327028 0.0235935 0.2313041 0.0000000 0.2036646 
podarcis          0.5042884 0.1438259 0.2655089 0.4083048 0.4051731 0.3780310 0.2727629 0.4938600 0.2018111 0.1898986 0.2031384 0.2574556 0.1959031 0.1477587 0.2036646 0.0000000 
